image, x1, y1, x2, y2
0, 184, 178, 258, 305
4, 350, 87, 487, 274
5, 65, 124, 127, 208
5, 54, 232, 115, 318,
5, 186, 201, 248, 284,
5, 247, 157, 306, 236
5, 290, 235, 345, 309
5, 369, 172, 442, 253
5, 424, 226, 487, 303
5, 513, 168, 582, 242,
5, 560, 240, 622, 312,
5, 647, 178, 711, 253
5, 680, 237, 737, 314
6, 286, 115, 326, 156
7, 350, 183, 436, 285
8, 188, 296, 224, 348
11, 334, 75, 379, 143
13,424,119, 537, 262
14, 470, 215, 554, 320,
14, 726,174,830,296
15, 73, 193, 123, 213
15,375,112,427,189
15, 543,114, 594, 214
